2120 1828 2127 2144 1877 1910 1970 2080 2050 1993 1771 1989 1962 1839 1957 1844 1977 2052 1917 1927 2070 1752 1891 1921 2076 1863 2112 2102 2008 2009 1646 1777 2023 1798 2122 2050 2153 2049 2109 1846 1908 2283 1958 1831 1915 2217 2188 2032 1950 2145 2097 2094 1949 2178 1872 1718 2005 1956 1743 1876 1992 2046 2118 2019 2169 1691 1813 1999 2154 1875 1867 1757 2001 2009 2039 1838 1904 1737 2071 1873 2297 1932 2059 2068 2062 2079 1810 1668 1763 2187 2101 2024 1909 1863 1858 1653 2254 1865 2303 2076
1927 1818 2081 2182 1764 1946 1958 2102 1989 2121 1776 2017 1921 1766 1737 1888 2047 1928 1891 1774 1951 1776 1831 1806 2063 1735 1856 2156 1946 2069 1780 1733 1778 1740 2117 1905 2054 2127 2039 1804 1786 2231 1846 1929 1870 2177 2120 1983 1975 1967 2027 2154 1816 2181 1732 1642 1865 1985 1664 1923 1794 2181 1970 1874 2200 1730 1729 1956 1990 1985 1943 1713 1860 2086 2140 1786 2004 1817 2037 1802 2193 2012 2067 2075 2040 1871 1952 1724 1634 2319 2022 2138 1908 1862 1803 1517 2155 2004 2042 1932
1991 1530 2004 2182 1835 1768 2014 2013 1988 1990 1868 2051 1815 1848 1852 1736 2156 2004 1665 1982 2081 1708 1942 1905 1825 1885 1657 2097 1941 1858 1941 1788 1774 1735 2016 1740 1895 1929 1949 1878 1960 2099 1897 1783 1885 2101 2184 1919 1899 1845 2017 2156 1848 2005 1744 1690 1785 2089 1579 1842 1909 1979 1968 1990 2052 1775 1744 2070 1986 1717 1775 1564 1700 1931 2030 1848 1939 1764 2167 1913 2055 2190 1980 2060 1990 1653 1797 1478 1735 2146 1895 1981 1820 1689 1821 1648 2178 1844 2079 2047
2236 1881 2047 2269 1992 1926 2082 2268 2225 2217 1930 2132 2029 1915 1915 1949 2194 2108 1899 2038 2240 1907 1997 1995 2035 1977 2061 2053 2112 2020 2009 1903 1954 1743 2110 1987 2306 2085 1879 1986 1963 2391 1900 1925 1914 2319 2240 1973 2080 2121 2202 2369 1983 2219 1953 1782 2059 2052 1784 2079 2184 2016 2191 2033 2277 1751 1725 1998 2147 1889 1930 1918 1921 2106 2130 2162 2032 2091 2019 1910 2250 1990 1974 2116 2131 1946 2063 1783 1787 2254 2216 2103 2148 1954 2051 1689 2335 2042 2246 2061
2223 1789 2077 2325 1887 1928 2091 2165 2107 2101 1909 2152 2110 1949 2015 1787 2127 2116 1774 1989 2097 1818 1923 1863 2066 1953 1785 2102 2234 1982 1951 1856 1900 1847 2159 1895 2131 2117 2002 1954 1974 2425 2028 1902 1919 2176 2352 2029 1969 2072 2189 2307 1882 2160 1885 1909 1953 1991 1651 2108 2018 2100 2179 2141 2274 1785 1865 1915 2203 2037 2055 1732 1955 2059 1955 1947 2137 1966 2236 2050 2174 2351 2251 2054 2141 1962 2190 1728 1725 2146 2082 1987 2156 1870 1999 1833 2168 2063 2184 1856
1953 1628 1985 2011 1826 1773 1781 1910 1946 1921 1634 1964 1857 1713 1772 1783 1851 1856 1740 1801 1932 1583 1772 1750 1779 1699 1692 1865 1954 1761 1684 1666 1641 1592 2049 1929 2090 1990 1911 1859 1612 2052 1890 1703 1750 2120 2010 1787 1884 1917 1963 1997 1795 2003 1685 1561 1687 1702 1471 1848 1689 1818 1888 1989 1985 1618 1649 2007 2070 1797 1776 1678 1675 1813 1621 1741 1872 1674 1938 1865 2101 2033 1938 1850 1900 1605 1730 1360 1592 2092 1844 1751 1813 1767 1774 1622 2078 1829 2033 1827
2153 1795 2047 2076 1790 1941 1938 2137 1919 2189 1780 2048 2019 1869 1889 1678 2114 2016 1799 1872 2043 1763 1897 1803 2049 1912 1752 2130 2049 1865 1777 1812 1869 1689 2096 1872 1974 2024 2097 1890 1835 2260 1876 1867 1848 2060 2147 1976 1886 2025 2088 2271 1839 2162 1723 1737 1954 1986 1682 1942 1935 2015 2101 2157 2234 1710 1809 2094 2138 1839 1827 1707 1650 1906 2154 1811 2112 1841 2073 1836 2165 2091 2144 2196 2101 1876 1860 1736 1783 2104 2055 2243 1891 1816 1932 1615 2089 2008 2175 2029
2024 1792 2086 2131 1774 1964 2062 2075 1958 2242 1767 1953 1979 1898 1924 1890 2035 1902 1909 1959 2043 1765 1883 2036 1898 1926 1968 2127 1920 1974 1815 1754 1829 1736 2124 1947 2073 2036 1995 1957 1871 2252 1897 1901 2030 2216 2245 1823 2031 2122 2052 2415 1900 2232 1789 1818 1999 2030 1661 2019 2067 2091 2048 2031 2206 1812 1932 2047 2101 1869 1904 1859 1933 2229 2046 1850 1948 1977 2148 2020 2290 2054 2025 2258 2054 1868 1923 1656 1623 2206 2198 2116 1962 1916 1822 1738 2252 2090 2128 2119
2112 1759 2074 2091 1895 2053 2066 2222 2044 2081 1874 2074 1949 1791 1914 1853 2181 2178 1793 1970 2125 1799 1917 1939 2038 1916 1896 2129 2089 1915 1795 1794 1929 1801 2139 1893 2060 2148 2027 2046 1960 2349 2040 1920 2097 2158 2206 1895 1871 2156 2062 2332 1840 2224 1747 1819 2106 2237 1733 2052 1936 1894 2179 2088 2077 1882 1871 2018 2187 1941 1820 1776 1989 2069 2126 1930 2027 1754 2143 2018 2125 2131 2093 2206 2207 1985 1850 1781 1771 2268 2084 2072 1846 1861 2046 1743 2346 2042 2075 2122
2197 1857 2205 2257 1910 1907 2199 2182 2071 2185 1748 2112 2188 1852 1887 1806 2008 2160 1758 1993 2178 1809 1907 1924 2018 1793 1971 2116 2149 1988 1878 1781 1862 1891 2291 2075 2051 2074 1913 1940 1963 2393 2100 2030 2045 2240 2366 1983 2097 2113 2221 2432 1861 2193 1920 1864 1997 2160 1762 2065 1959 2226 2011 2121 2303 1928 1908 2248 2238 1987 2042 1813 1906 2044 2111 2001 2030 2068 2170 2073 2173 2089 2114 2052 2107 1938 1966 1720 1757 2304 2218 1938 1992 1968 2055 1673 2356 1969 2330 1987
1975 1773 2035 2186 1951 1741 2067 1977 2093 2115 1698 1964 1744 1840 1894 1780 2109 2118 1600 1877 1902 1758 1837 1780 1820 2002 1833 1977 2017 1897 1804 1740 1698 1596 1934 1904 2080 1897 1889 1968 1900 2198 1745 1849 1976 2049 2046 1909 1845 2038 2077 2412 1890 1957 1795 1815 1952 2020 1690 1911 1971 2000 1975 2064 1958 1859 1664 1804 2055 1831 1933 1670 1753 1993 1935 1991 1822 1801 2116 1794 2155 2001 2026 2011 2066 1786 1814 1828 1632 2200 2030 2038 1864 1855 1912 1676 2102 1965 2092 1997
2057 1556 2086 2073 2013 1865 1894 2101 2066 2215 1775 1944 1806 1787 1882 1706 2163 1985 1719 1842 2018 1662 1854 1804 1906 1956 1942 1827 1905 1709 1788 1845 1953 1621 1927 2009 2058 2060 2014 1978 1812 2197 1900 1947 1960 2165 2091 1894 1862 2023 2115 2189 1900 2131 1786 1563 2035 1936 1720 1987 2024 2023 2023 1993 2206 1694 1728 1922 1994 1750 1892 1726 1751 2033 2008 2040 1937 1671 2031 1851 2335 1961 2080 2260 2079 1867 1987 1759 1690 2222 2081 1998 1940 1842 1868 1661 2091 1993 2072 2113
2194 1916 2025 2199 1993 1852 2115 2313 2181 2222 1823 2221 2038 1889 2030 1838 2086 2171 1740 2020 2209 1827 1983 1963 1955 2045 1887 2036 2069 1909 1850 1840 1954 1793 2262 1969 2248 2044 2045 2123 1888 2495 1871 1941 1963 2184 2151 1875 2047 1950 2176 2376 1955 2118 1835 1795 2141 1998 1758 2089 2131 2176 2184 1995 2367 1913 1827 2082 2148 1863 2100 1828 1889 2120 2250 1977 1984 2024 2091 2058 2325 1937 2203 2192 2297 1913 2000 1863 1818 2239 2184 2131 2056 1923 2079 1606 2196 2037 2285 2152
1890 1664 1752 1926 1531 1751 1749 1834 1913 1903 1659 1962 1782 1821 1823 1672 1896 1790 1680 1784 1822 1612 1758 1602 1744 1738 1743 1896 1870 1735 1655 1620 1553 1620 1856 1826 1862 1845 1762 1796 1747 1976 1733 1755 1662 1965 2102 1687 1692 1846 2008 2001 1737 1956 1727 1717 1744 1872 1492 1686 1736 1768 1902 1993 1944 1648 1606 1761 1943 1675 1768 1600 1749 1792 1958 1798 1776 1554 1839 1733 1840 1827 1968 1778 1915 1613 1702 1539 1494 2138 1884 1833 1742 1745 1721 1684 2246 1940 1944 1871
2135 1829 2006 2224 2082 1998 2173 2061 2212 2152 1748 2154 1940 2023 2024 1870 2265 2070 1862 1953 2047 1798 1898 1962 1967 1948 1967 2254 2209 1977 1926 1872 1915 1869 2256 2004 2258 2053 1964 2049 1823 2408 1890 1929 2024 2088 2252 1966 1924 2240 2198 2458 2020 2262 1829 1920 2118 2144 1790 1976 1982 2234 2211 2190 2073 1982 1828 2009 2232 1950 2135 1870 1865 2109 2093 2193 2053 1824 2290 1999 2355 2190 2143 2247 2067 1977 1934 1909 1869 2205 2196 2244 1993 2000 1981 1792 2316 2044 2245 2075
2422 1855 2212 2539 2035 2169 2228 2350 2310 2343 2027 2305 1932 1884 2072 1966 2384 2330 1862 2252 2308 2041 1978 2067 2143 1993 2019 2339 2258 2187 1994 1886 2030 1883 2380 2131 2361 2145 2280 2160 2042 2536 2090 2107 2259 2397 2216 2112 2133 2319 2348 2536 2151 2233 2045 2044 2217 2173 1799 2038 2142 2222 2312 1998 2341 2052 1941 2226 2299 2148 2103 2005 2151 2451 2208 2224 2256 2076 2360 2099 2414 2287 2476 2230 2279 1936 2107 1679 1822 2472 2400 2284 2165 1897 2098 1913 2427 1972 2419 2111
2142 1829 1980 2152 1964 1965 1955 2284 2023 2162 1714 2010 2126 1934 1934 1858 2134 2090 1756 2062 2121 1768 1858 1852 2053 1871 1778 2117 2082 1950 1894 1837 1828 1679 2100 1894 2116 2013 2077 2087 1866 2383 1959 1847 1954 2229 2218 1945 1956 1884 2129 2256 1874 2114 1727 1709 2020 2034 1717 2096 1859 1964 1925 2004 2155 1771 1852 2085 2019 1811 1822 1700 1833 2142 2185 1780 1905 1929 2051 1884 2177 2309 2112 1884 2216 1872 1916 1754 1806 2244 2067 1964 1917 1818 2039 1652 2231 2023 2060 1932
1828 1629 1808 1857 1512 1691 1823 1800 1881 1746 1555 1875 1596 1762 1588 1472 1737 1622 1539 1582 1692 1645 1566 1507 1616 1646 1739 1833 1752 1714 1485 1616 1425 1510 1861 1695 1801 1787 1611 1624 1619 2016 1724 1610 1748 1810 1890 1656 1724 1757 1712 1975 1646 1871 1546 1527 1621 1744 1699 1632 1717 1907 1753 1825 1822 1568 1610 1601 1939 1724 1821 1327 1664 1740 1687 1529 1754 1670 1731 1546 1858 1845 1623 1705 1613 1634 1692 1621 1403 1853 1767 1809 1736 1748 1525 1373 1868 1549 1807 1619
2081 1893 1894 2264 1763 2033 2051 1965 2006 2062 1691 1974 1974 1770 1926 1940 2117 1954 1654 1826 1847 1854 1696 1758 1963 1871 1782 2010 2022 1913 1777 1745 1669 1606 2028 1898 2086 1911 1791 1748 1918 2377 1812 1917 2022 2129 2178 1989 1956 1923 2003 2207 1844 2111 1746 1755 2059 2058 1789 1941 1977 2150 1999 2029 2099 1819 1769 1977 1960 1976 2074 1648 1817 1861 1842 1826 1928 1813 2065 1802 2155 2095 2158 2015 1976 1828 1816 1755 1671 2098 2172 2010 1748 1923 1778 1594 2068 1941 2075 1997
2167 1913 2050 2122 1909 1836 1972 2051 2013 1970 1615 1884 1936 1786 1905 1724 1972 2006 1871 1980 2065 1739 1755 1771 1941 1857 2035 2005 2001 2072 1723 1832 1682 1689 2047 1888 2094 2102 1991 1835 1799 2355 2040 1943 1858 2092 2133 2022 1921 1996 2104 2182 1801 2033 1724 1793 1757 1792 1465 1914 1856 1985 1968 2066 2052 1621 1577 1977 2252 1899 1939 1831 1908 2019 1858 1811 1856 1676 2141 1847 2173 2003 1953 2014 1924 1774 1809 1461 1643 2327 2097 2004 1857 1923 1616 1804 2165 1992 2136 1869
2157 1959 2364 2324 1934 2001 2190 2282 2120 2113 1887 2040 2063 2050 2039 1904 2280 2218 1909 2018 2241 1920 1877 1923 2092 1859 2070 2332 2171 1966 2095 1964 1901 1770 2393 2123 2279 2255 2178 2006 1914 2508 2141 2108 1909 2107 2190 2024 2111 2132 2298 2253 1964 2294 1891 1778 2041 2040 1710 2096 2049 2143 2222 2223 2277 1937 1834 2218 2255 1922 2105 1833 1809 2091 2151 1988 2127 2034 2322 1964 2294 2311 2147 2214 2227 1999 1908 1644 1925 2361 2336 2270 2177 1959 2008 1632 2303 2194 2280 2050
2151 1748 1933 2193 1923 1868 1727 2054 2132 1975 1691 2110 1808 1823 1920 1722 2268 1832 1763 1883 1851 1563 1797 1736 1805 1697 1829 2168 2022 1756 1807 1617 1701 1771 2059 1720 2095 2025 1643 1899 1805 2196 1960 1874 1889 1996 2079 1849 1787 2141 2036 2114 1683 2153 1873 1872 1919 1991 1757 1959 1822 2049 1961 2024 2013 1714 1648 1888 1899 1821 1901 1639 1845 1960 2019 1983 2004 1745 2001 1703 2258 2222 2092 2004 2038 1795 1840 1807 1599 2217 2043 2095 1832 1880 1925 1807 2225 1964 1822 1889
2203 1872 2116 2106 1924 2010 2117 2213 2014 2166 1815 2150 2213 1917 1935 1836 2228 1855 1809 1947 2073 1939 1920 1815 2122 1915 1810 2098 2107 2039 1851 2045 1848 1726 2092 1968 2059 2143 2038 1959 1915 2435 2111 2033 1968 2356 2210 2039 2074 2109 2091 2341 1923 2165 1762 1819 1994 2159 1733 2047 1961 2204 2131 2115 2320 1850 1864 2115 2201 2046 1866 1787 1872 2046 2181 1868 1869 1880 2171 2022 2251 2158 2232 2161 2114 1916 1865 1762 1755 2290 2235 1983 2078 1945 2000 1811 2306 2064 2121 1989
2160 1695 2083 2271 1752 1794 2021 2244 2119 2125 1856 2098 1961 1794 1907 1685 2062 1929 1839 1780 2092 1677 1996 1851 1981 1760 1792 2074 2018 1721 1754 1837 1873 1862 2051 1830 2214 2295 1775 1915 2015 2431 2000 2098 2017 2044 2091 1924 1986 2087 2236 2287 1812 2260 1847 1861 2015 2073 1656 2049 2047 2005 2035 2208 2276 1784 1807 2012 1987 2041 1843 1646 1975 2176 1984 1927 1969 1931 2322 1898 2159 2120 2199 2186 2107 1938 1766 1778 1632 2234 2148 1967 1911 1942 1864 1636 2191 2025 2131 1870
2535 2145 2411 2547 2353 2241 2270 2412 2307 2409 2028 2376 2299 2125 2169 2135 2434 2473 2128 2374 2327 2182 2148 2135 2380 2287 2339 2264 2424 2290 2269 2089 2244 2051 2520 2283 2520 2423 2240 2215 2156 2639 2353 2162 2247 2483 2652 2151 2172 2522 2469 2634 2304 2527 2116 1970 2290 2406 2015 2251 2299 2434 2380 2425 2347 2072 2071 2397 2505 2126 2158 1930 2083 2332 2305 2334 2256 2117 2435 2173 2614 2470 2442 2378 2365 2140 2273 1975 2093 2600 2509 2297 2179 2220 2380 2102 2567 2292 2442 2319
2272 1811 1996 2339 1916 1876 2154 2220 2222 2204 1776 2161 1889 1747 1888 1951 2161 2084 1796 2131 2179 1994 2113 2003 2016 1822 2062 2090 1955 2043 1783 1935 1917 1830 2225 2085 2254 2115 1949 1788 2016 2460 1997 1893 1997 2228 2290 1986 2152 2208 2297 2258 2015 2352 1891 1677 2059 2033 1755 1871 2278 2290 2208 2165 2220 1878 1832 2238 2184 1929 1870 1829 1883 2012 1993 1955 2062 1992 2257 1923 2227 2217 2158 2149 2209 2020 1920 1666 1781 2388 2151 2005 1965 1903 2008 1688 2296 2122 2202 2030
2310 1898 2162 2289 1911 1806 2235 2197 2127 2059 1880 2170 2115 2000 1985 1772 2063 2018 1958 2101 2120 1848 1979 1956 1941 1945 1997 2183 2101 2033 2018 1871 1846 1820 2153 2063 2125 2270 2070 2044 1962 2435 2081 1838 1850 2332 2357 2008 2038 2078 2120 2264 1963 2110 1815 1856 1937 2235 1698 2056 1997 2101 2021 2166 2208 1862 1861 2087 2290 1907 1802 1707 1861 1961 1980 1936 1996 2041 2137 1969 2238 2071 2185 2079 2169 1985 1908 1701 1779 2272 2161 2092 2159 2005 2030 1706 2370 2034 2162 1999
2320 1791 2222 2367 2019 1885 2193 2330 2225 2132 2067 2224 2064 1975 1877 1920 2186 2050 2176 2026 2179 1941 1954 1974 2029 1996 1928 2285 2340 2094 2040 1993 1923 1964 2092 1954 2389 2265 1825 2087 1868 2416 2066 2078 2113 2418 2207 2063 2066 2180 2170 2448 2030 2332 2019 2020 2098 2337 1900 2122 2217 2240 2269 2264 2211 1961 1936 2174 2047 2146 2013 1731 2175 2238 2028 2145 2158 2026 2335 2029 2280 2301 2212 2218 2179 1988 1922 1824 1790 2292 2113 2202 2061 2013 2024 1904 2350 2140 2117 2055
2040 1732 2081 2320 1914 1894 2022 2185 1965 2067 1752 2086 1883 1938 1905 1786 2144 2067 1801 2156 2062 1868 1898 1933 2007 1898 1939 2116 2191 2061 1875 1947 1984 1788 2135 2070 2137 2228 2053 2041 1916 2369 2083 1878 2020 2251 2099 2097 1921 2139 2271 2224 2009 2162 1939 1640 2157 2068 1674 1949 2013 2047 2080 2074 2154 1852 1755 2074 2277 2012 2087 1924 1976 2064 1939 2105 2136 1813 2027 1979 2261 2232 2117 2154 2050 1890 1856 1681 1724 2281 2173 2120 2118 1810 1972 1670 2399 1897 2184 2009
2116 1881 2067 2168 1936 1949 2103 2206 2347 2113 1989 2209 2012 2048 2028 1884 2245 2022 1920 1973 2173 1827 1758 1917 1897 2033 1984 2211 2120 2055 1976 1803 1737 1706 2184 1957 2088 2148 2102 2133 2049 2183 1984 1906 1966 2386 2396 2026 1908 2178 2100 2314 2056 2050 1784 1893 2065 2159 1631 1999 1999 2019 2071 2103 2117 1773 1748 1936 2204 1981 1959 1812 1825 2106 2099 1916 2070 1929 2155 1890 2288 2250 2099 2077 2271 1802 2142 1734 1736 2367 2039 2206 2091 2013 1875 1705 2204 2037 2087 2090
2406 1906 2269 2372 2101 2029 2306 2228 2314 2360 2015 2266 2027 1969 2110 2049 2380 2125 1878 2121 2145 1925 2048 2074 2234 2071 2107 2141 2402 2093 1908 2079 2011 1999 2312 2110 2339 2251 2179 2140 1991 2407 2225 2071 2154 2522 2296 2279 2226 2247 2207 2406 2114 2373 1936 1899 2199 2267 1786 2117 2099 2482 2204 2242 2333 2052 1963 2211 2370 2104 2261 1825 1982 2195 2193 2133 2151 1961 2497 2213 2408 2373 2199 2299 2178 1982 2112 1901 1936 2404 2228 2136 2059 2164 2183 1814 2403 2048 2417 2237
2126 1803 2069 2405 2009 2034 2100 2254 2095 2199 1727 2021 1963 1936 1865 1698 2088 2041 1852 2004 2269 1784 1892 1838 1857 1915 1908 2206 2128 2020 1917 1820 1748 1816 2142 2074 2164 2168 2009 2060 1956 2412 1943 2017 1942 2182 2149 2094 1942 2041 2115 2279 1965 2017 1963 1961 1999 2103 1648 2068 1947 2123 2018 2149 2020 1735 1720 1999 2209 2059 1921 1976 1890 2097 2053 2053 1994 1782 2180 1868 2392 2151 2148 2092 2125 2027 1976 1618 1727 2335 2119 2067 1949 1780 1924 1919 2286 2096 2211 1935
2209 1844 2127 2242 1928 2063 2203 2196 2227 2138 1898 2170 2014 1938 1979 1804 2109 2018 1927 1964 2196 1935 1998 1856 1958 1981 2137 2255 2049 1978 1789 1869 1995 1886 2317 1950 2350 2165 1982 1885 1937 2385 1977 1904 2006 2162 2308 2054 2012 2127 2175 2313 1929 2357 1806 1759 2075 2064 1883 2155 1990 2176 2142 2174 2085 1901 1847 1987 2251 1997 1937 1813 1892 2117 2008 1980 1946 1808 2214 2143 2309 2110 2129 2176 2220 2046 1870 1766 1790 2214 2133 2054 1981 2007 2103 1725 2265 1957 2188 2192
2017 1541 1995 2424 2005 1890 1911 2192 2091 2137 1893 2011 1747 1762 1807 1769 2073 2016 1709 1867 2061 1721 1905 1907 1900 1836 1748 2263 2181 1831 1858 1704 1885 1852 2020 1981 2144 2290 2019 2047 1831 2110 1893 1863 1837 2129 2043 2034 1813 1970 2111 2212 1969 2109 1839 1802 1856 2041 1766 2049 1841 2074 1968 2200 2049 1617 1635 1920 2092 1938 1891 1737 1719 2014 1993 2092 1941 1854 2178 1898 2474 2134 2041 2006 2078 1921 1996 1725 1717 2225 1990 1927 2019 1678 1913 1628 2154 1922 1952 1857
2234 1888 1983 2233 1822 1864 2112 2174 2264 2309 1991 2129 1978 2016 2007 1900 2227 1996 1792 2085 2076 1862 1855 1784 2038 2180 2009 2048 2106 1957 1967 1936 1926 1803 2166 2005 2097 1967 2175 2075 2052 2359 2006 1952 2111 2362 2212 2158 2041 2099 2144 2442 2082 2143 1898 1750 2165 2122 1853 2097 2057 2063 2135 2002 2240 1815 1779 2081 2064 1808 1989 1748 1864 2140 2133 1985 2157 1870 2117 2036 2122 2176 2198 2120 2076 1897 2045 1795 1919 2195 2234 2139 2052 2121 2029 1723 2285 1930 2290 2291
2230 1992 2256 2280 2065 2096 2115 2265 2153 2418 1907 2287 2048 2116 2189 1962 2360 2175 1998 2216 2210 1912 1910 1990 2189 2114 2009 2208 2346 2079 1888 2051 2092 1884 2297 2202 2262 2187 2024 2145 1922 2546 2037 2161 2129 2336 2311 2217 2133 2198 2218 2594 2078 2403 2069 1963 2238 2192 2024 2106 2155 2322 2189 2452 2353 1893 2004 2249 2390 2056 2160 1919 2090 2198 2334 2064 2090 1951 2363 1994 2557 2105 2307 2412 2215 2016 2092 2004 1878 2479 2060 2276 2023 2117 2135 1903 2421 2051 2347 2225
2040 1736 2040 2153 1820 1908 2100 2126 2206 2126 1817 1954 1873 1850 1823 1740 2067 1975 1843 2041 2163 1921 1948 1757 2008 1999 1986 2176 2066 1851 1875 1924 1817 1649 2054 1989 2081 2157 2031 1970 1856 2232 1865 1823 1954 2277 2202 2015 1954 2064 2188 2245 1890 2063 1804 1704 1986 2129 1699 1986 1968 2061 2008 2097 2113 1824 1732 2011 2172 1796 1911 1934 1864 2168 2059 1991 2034 1788 1945 2011 2243 2030 2006 2079 2098 1819 1848 1704 1810 2144 2056 1936 2089 1875 1909 1793 2323 1887 2134 2062
1860 1696 1892 2043 1538 1915 1826 1915 2012 1968 1785 2011 1755 1911 1549 1758 1905 1813 1688 1738 1888 1638 1736 1693 1858 1908 1701 1911 1951 1691 1810 1708 1616 1560 1973 1845 1947 2062 2016 1909 1833 2167 1754 1730 1883 2126 1974 1825 1832 1785 1991 2075 1771 1942 1761 1598 1866 1969 1650 1857 1779 1929 1995 1725 2027 1699 1660 1914 1947 1769 1929 1657 1708 2026 1860 1674 1895 1650 1806 1653 2000 1957 2055 1898 1885 1636 1865 1568 1709 2151 1823 1920 1808 1840 1788 1570 2075 1809 2043 1917
2157 1832 2168 2271 1974 1976 2169 2197 2163 2219 1839 2125 2028 1929 2078 1955 2213 2143 1854 1970 2198 1667 1993 2024 2040 1965 1883 1890 2193 2035 1752 1665 1865 1897 2289 2034 2144 2063 2024 2026 1898 2287 1956 1848 1955 2359 2378 2121 2143 2276 2267 2392 1910 2223 1988 1855 2171 1964 1746 2092 2067 2163 1927 2059 2310 1721 1714 2124 2162 2041 2059 1821 1927 2087 2035 1973 2083 2056 2025 2026 2223 2050 2118 2084 2243 1943 2013 1764 1736 2225 1999 2217 1997 2058 2105 1761 2315 1836 2345 2160
2156 1812 1969 2072 1798 1763 2068 1967 2124 2113 1720 1841 1867 1875 1946 1773 2010 1937 1801 2072 1995 1778 1725 1764 1931 1929 1886 2064 2140 1950 1871 1727 1713 1670 2136 1958 2168 2019 1817 1864 1858 2492 1912 1862 1803 2248 2035 1960 1874 1950 2177 2257 1972 2146 1767 1815 1896 1999 1656 1989 2045 2071 2032 2081 2076 1887 1803 1988 2123 1931 1920 1624 2044 2135 1948 1987 1991 1877 2112 1906 2015 2020 2200 2072 2117 1752 1955 1727 1586 2214 2047 1928 2007 1943 1921 1927 2151 1845 2130 1941
2305 1862 2093 2216 1879 1988 2084 2094 2143 2068 1770 2060 2068 1930 1953 1904 2232 2013 1857 2052 2153 1848 1795 1914 1982 2039 1937 2062 2126 1964 1961 1817 1734 1711 2098 1997 2171 2084 2028 1982 2014 2354 1992 1925 1913 2295 2283 2105 1941 2165 2185 2317 2031 2089 1830 1766 2006 2187 1795 2011 2095 2180 2220 2103 2158 1831 1840 2072 2141 2009 1849 1840 2115 2166 2042 1996 1984 1791 2167 2021 2262 2006 2246 2123 2048 1910 2103 1773 1867 2330 2124 2088 1891 2024 1984 1898 2278 2083 2131 2116
2115 1956 2220 2383 1971 2044 2325 2370 2298 2206 1970 2286 2054 1961 1984 2012 2192 2251 1834 2096 2329 1774 2157 2159 2135 1967 2110 2256 2116 2137 1998 1839 1902 1715 2311 2196 2372 2248 2123 2084 2060 2408 2031 1831 2097 2381 2403 2192 2122 2285 2289 2455 2010 2220 2049 1937 2024 2167 1811 2093 2194 2261 2051 2143 2277 1929 1843 2095 2252 2088 2050 1943 2035 2196 2207 2006 2179 2150 2100 1949 2416 2062 2226 2048 2312 1975 2088 1690 1830 2405 2237 2205 2272 1999 2101 1747 2512 2082 2286 2209
2151 1885 2088 2192 1977 2069 1937 2091 2150 2144 1872 2122 1871 1992 1855 1775 2181 2046 1791 2021 2030 1854 1871 2007 2032 1815 1994 2200 2035 2154 1897 1942 1767 1737 2224 1979 2052 2033 2017 2003 1815 2459 1802 1950 1967 2301 2139 2044 2046 1995 2125 2236 1789 2212 1678 1709 1977 2011 1690 1947 2060 2015 2207 1976 2240 1852 1863 1982 2130 1981 1854 1757 1868 1966 2019 1982 2172 1966 2173 1965 2206 2174 2112 2035 2057 1934 2026 1798 1717 2343 2132 2283 1984 1941 1995 1640 2277 1963 2159 2072
2160 1686 2233 2345 1848 2107 1980 2083 2221 2233 1895 2061 1963 2057 1851 2009 2068 2127 1822 1963 2146 1941 2094 2012 1957 1972 1974 2184 2193 1956 1988 1829 1866 1717 2171 2143 2181 2170 1996 1984 1933 2406 2009 2008 2037 2248 2171 2061 2106 2205 2209 2399 1978 2283 1908 1810 1960 2149 1954 1942 2125 1992 2108 2330 2172 1866 1871 2182 2230 1951 1902 1799 1853 2095 1929 2021 2103 1954 2113 1949 2296 2288 2231 2107 2150 1888 2073 1603 1770 2278 2033 2134 2128 1839 2074 1766 2378 2008 2139 2031
2076 1650 1847 2129 1702 1789 1816 1989 1980 2009 1626 1878 1959 1810 1744 1713 2061 1811 1681 1714 1837 1662 1715 1649 1842 1782 1821 1940 1872 1745 1719 1740 1594 1509 1882 1709 1987 1976 1747 1807 1675 2078 1807 1843 1818 1975 2119 1694 1840 1988 2021 2151 1748 2002 1608 1579 1876 1893 1603 1881 1783 1788 1698 1962 2097 1652 1679 1925 1815 1792 1714 1732 1755 1960 1903 1896 1867 1736 1997 1760 1969 2227 2014 1852 1890 1682 1894 1665 1607 2095 2032 1875 1988 1907 1849 1708 2046 1892 1917 1847
2098 1842 1839 2212 1798 1732 2005 2132 2041 1992 1718 2076 1862 1849 1935 1809 2131 1875 1605 2000 1948 1742 1871 1815 2053 1850 1777 2020 2032 1862 1735 1775 1728 1643 2041 1797 2036 1972 1756 1820 1722 2297 2060 1757 1932 2168 2211 2060 1842 1997 1893 2201 1830 2085 1845 1704 1933 1928 1750 1893 1845 2087 1936 2144 2022 1701 1796 1883 2139 1862 1821 1576 1787 2024 1983 1801 1845 1828 2049 1820 2074 2220 1981 1983 1844 1873 1865 1739 1657 2110 1976 1979 1945 1967 1913 1717 2162 1838 1978 1854
2057 1841 2117 1944 1981 1731 1942 2127 2072 2085 1808 1853 1805 1837 1867 1770 2083 2042 1707 1845 1985 1806 1920 1649 1945 1863 1846 1983 2008 1794 1687 1766 1928 1692 2162 1826 2091 1907 1884 1964 1842 2317 1762 1852 1872 2152 2003 1966 1857 1977 2051 2409 1901 1975 1841 1883 1951 1906 1663 1873 2029 2112 2057 2006 1991 1668 1750 1827 2052 1696 1933 1602 1892 2114 2070 1839 1951 1832 2059 1610 2129 1951 2111 2090 2151 1916 1858 1686 1733 2232 1959 1908 1953 1982 1770 1712 1948 1949 2120 1847
2194 1921 2141 2310 1926 2011 2046 2196 2204 2281 1973 2201 2111 2166 2017 1866 2298 2077 1861 2030 2198 1934 2016 1941 2107 2003 1987 2135 2115 2066 2008 1970 1944 1735 2228 2178 2066 2000 2119 2148 2010 2454 1936 2025 1954 2278 2380 2191 2228 2174 2258 2380 2068 2298 1860 1922 2115 2104 1782 2023 2078 2388 2176 2132 2360 1867 1855 2027 2237 1988 1984 1888 1943 2147 2192 2046 2214 1858 2142 1927 2325 2184 2359 2162 2231 1998 2194 1930 1840 2404 2038 2111 2214 1956 2084 1780 2262 2034 2336 2068
2056 1788 1950 2313 1840 1849 1904 2213 1913 1974 1736 1918 2016 1864 1893 1712 2006 2010 1769 1874 2057 1969 1890 1843 2104 1842 1793 1997 1963 1766 1877 1895 1845 1662 2106 1869 2031 2023 1945 1784 1840 2364 1893 2011 2008 2176 2109 1917 2034 1943 2040 2171 1775 2116 1806 1539 1950 1900 1755 2008 1919 1875 2008 1989 2112 1635 1875 2034 1999 1788 1852 1809 1858 2018 2051 1771 1960 1672 2008 1861 2074 2039 1953 2065 1917 1894 1635 1685 1836 2074 2103 1970 1901 1907 1903 1600 2246 1910 2178 1884
2119 2099 1997 2344 1903 2016 2247 2096 2169 2014 1951 2104 2018 2126 2016 1917 2112 2058 1800 2032 1999 2001 1868 1856 2020 2093 2112 2171 2104 2037 2123 2015 1886 1752 2221 2077 1979 2204 1940 1854 1960 2405 2100 1916 1993 2179 2423 2038 2077 2310 2310 2369 1979 2148 1936 1778 2012 2240 1897 1889 2093 2221 2157 2207 2112 1858 1899 1975 2177 1982 1984 1703 1922 1982 2000 2006 2120 1894 2107 1937 2165 2336 2113 2117 2017 2022 1912 1864 1809 2187 2196 2137 2076 1921 1993 1829 2378 2057 2153 2086
2332 1855 2191 2470 2082 1853 2134 2248 2376 2127 1947 2330 2123 2067 2111 1924 2201 2084 2064 2097 2145 1908 2101 2064 2104 2193 1966 2244 2126 2093 2144 1926 1893 1862 2200 1961 2384 2236 2214 2257 2043 2476 2068 1831 2004 2459 2310 2226 2173 2135 2333 2451 2089 2277 2126 1954 2104 2222 1876 2018 2201 2336 2208 2079 2338 1904 1840 2223 2162 2030 1997 1952 2098 2278 2078 2157 2186 2097 2203 2005 2302 2303 2284 2117 2208 1957 2059 1785 1968 2339 2155 2169 2262 2038 2114 1954 2365 1992 2393 2155
2218 2009 2120 2518 2119 2127 2105 2408 2270 2212 2041 2319 2077 1902 2030 2031 2223 2193 1884 2105 2139 2039 2001 2105 2185 1913 1939 2207 2455 2201 2098 1829 2054 1859 2314 2121 2259 2224 2044 2104 1916 2451 1965 2140 2019 2306 2355 2234 2075 2205 2219 2319 2146 2413 1984 1877 2200 2156 1906 2058 2143 2176 2333 2211 2296 1862 1894 1986 2307 2143 1950 1902 2011 2144 2107 2117 2256 2029 2209 1968 2494 2141 2248 2229 2158 2230 2130 1941 1814 2423 2304 2211 2132 1998 2087 1735 2394 1920 2329 2145
1961 1875 2137 2133 1971 2028 2165 2319 2242 2167 1922 2251 1808 1873 1970 1971 2253 2064 1679 2228 2089 1763 1877 1955 1857 1785 1986 2147 2101 2000 1882 1832 1839 1654 2280 2068 2167 2190 1992 2043 1887 2390 1944 1984 2025 2069 2178 2026 2052 2207 2052 2461 1904 2017 1847 1929 2037 2179 1746 2065 2107 2120 2103 2011 2139 1889 1713 2014 2299 1959 1919 1803 1680 2078 2190 1872 2155 1899 2032 1775 2334 2048 2000 2059 2287 1858 1874 1726 1753 2269 2255 2157 2045 1946 1900 1642 2364 2074 2066 2010
2132 1798 1924 2150 1953 1841 1872 2174 2312 2109 1977 1957 1781 1794 1869 1897 2028 2113 1750 1999 2035 1962 1959 1942 2030 1833 1956 2303 2101 1967 1699 1899 1839 1606 2286 1990 2097 2169 2011 1921 1850 2447 1771 1960 1989 2294 2016 2250 2055 2051 1979 2222 2042 2080 1904 1792 1942 1982 1723 1825 2027 2064 2168 2105 2169 1756 1797 1972 2245 1833 1754 1668 1913 2101 2032 1856 2178 1708 2155 1843 2289 2067 2083 2121 2031 1937 1823 1650 1800 2140 2108 1986 1986 1958 1933 1668 2095 2014 2162 1928
1992 1772 2087 2230 1871 1973 1892 2209 2142 2203 1861 2025 1895 1881 2063 1863 2078 2032 1758 1934 2016 1749 1857 1882 1955 2012 1889 2131 2035 1884 1942 1771 1863 1679 2220 1948 2135 2017 1936 1991 1929 2392 2014 1882 1939 2181 2188 1907 2015 2068 2025 2302 1906 2200 1878 1781 2008 1866 1813 2043 1907 2031 1919 2034 2038 1711 1809 2167 2036 1931 1895 1833 1883 2118 2064 1928 1965 1973 2055 1936 2337 2255 2212 2094 2263 1798 1878 1554 1695 2171 2144 2048 1951 1891 2079 1678 2150 1865 2009 1888
1943 1893 1923 2158 1848 1832 1946 2123 1944 2140 1742 2116 1906 1828 1966 1781 2158 1718 1674 1955 1913 1741 1833 1868 2027 1747 1872 1972 2012 1843 1782 1881 1822 1636 2104 1854 2081 2002 1915 1921 1822 2362 2008 1944 1944 2020 2037 2023 1937 2076 2153 2234 1763 2183 1888 1685 2151 2068 1644 1916 1973 2056 2059 2023 2053 1802 1770 2073 2100 1957 1913 1891 1870 2005 2032 1953 1997 1810 2134 1843 2267 2112 2034 2235 2093 1895 1885 1640 1697 2225 2134 2040 1793 1828 1965 1742 2184 1955 2110 2036
2113 1862 2083 1992 1912 1826 2012 2224 2016 1966 1757 1958 1935 1813 2064 1763 2223 2073 1684 2242 1929 1809 1943 1810 2049 1826 1984 2167 2106 2006 1831 1833 1882 1617 2271 1948 2148 2017 1998 1998 1774 2348 1810 1813 1887 2090 2127 2047 1876 2131 2055 2327 1890 1997 1883 1900 1942 2022 1673 1943 1967 1995 2081 2091 2017 1823 1771 1936 2125 1765 1900 1790 1926 2082 2008 1949 2046 1880 1929 1771 2214 1960 2188 2045 2236 1780 1760 1575 1773 2261 2134 2199 2016 1877 2070 1797 2204 2044 1964 1914
1947 1762 2030 2149 1790 1932 1925 2085 1893 2038 1768 2059 1940 1849 1932 1795 2066 2113 1763 1900 1955 1724 1744 1954 1926 1909 1849 1886 1941 1884 1758 1720 1825 1645 2037 1856 1916 2011 1766 1915 1898 2236 1976 1775 2012 2145 2226 1863 1938 2068 2159 2342 1855 2136 1711 1736 1978 1942 1624 1917 2036 2025 1929 2060 2058 1764 1826 2076 2058 1827 1940 1699 1819 1922 1992 1746 1922 1773 2142 1935 2163 2158 2047 2070 2087 1753 1867 1678 1595 2245 1909 1919 1688 1754 1908 1661 2294 1861 2067 1934
1972 1918 2181 2251 2025 1955 2067 2109 2154 2120 1732 2117 2027 1963 2010 2051 2202 2071 1804 2104 2065 1898 1828 1849 2000 2045 2030 2052 2187 2005 1811 1713 1783 1814 2201 1947 2073 2128 1907 2005 1896 2376 2095 2007 1849 2119 2391 1988 2032 2318 2158 2464 1888 2112 1710 1929 2124 2196 1764 2093 2104 2069 2006 2061 2103 1763 1679 1985 2160 1971 2025 1723 1884 2185 2074 1915 2080 2027 1952 1995 2176 2104 2105 2051 2286 1834 1960 1835 1679 2299 2236 1941 2060 1905 1921 1770 2214 1919 2144 1936
2091 1753 2049 2264 1875 1958 2077 2179 2072 2174 1769 2022 1894 1817 1859 1792 1944 2147 1787 2015 2100 1859 1873 1916 1959 1800 1910 2023 2036 2005 1847 1760 1806 1731 2082 2044 2199 2058 1870 1972 1638 2188 1969 1788 1903 2260 2117 1792 1912 1908 2159 2253 1934 2113 1816 1670 1860 1971 1470 1958 1838 1997 2063 1999 2195 1922 1819 1994 2272 1949 1904 1859 1805 2012 1920 1876 2075 1851 2077 1875 2135 2144 1993 1989 2123 1867 1821 1694 1639 2196 2029 2083 1935 1756 1960 1678 2322 2028 2188 1957
1974 1625 1938 2066 1761 1880 1941 2233 1991 2001 1881 2041 1791 1770 1793 1773 1980 1899 1781 2022 2029 1789 2025 1832 2044 1740 1966 2009 2064 1913 1897 1876 1878 1749 2074 1955 2132 2024 1799 1830 1821 2219 2006 1829 1835 2180 2082 1775 1882 2174 2095 2177 1895 2257 1679 1789 1660 2024 1683 1894 2029 1985 1867 2025 1941 1703 1798 1930 2235 1958 1897 1823 1832 2078 2048 2004 1976 1859 2047 1969 2258 2088 2014 1981 2098 1847 1918 1584 1713 2211 2092 1900 2074 1705 1860 1691 2207 1974 1964 1745
2114 1854 1945 2080 1833 1846 2061 2100 2102 2164 1805 2106 1943 1843 1867 1653 2001 1992 1869 2037 2021 1824 1923 1685 1981 1995 1970 2152 1897 2025 1859 2006 1728 1551 2130 1939 2144 1967 1922 1951 1807 2395 1874 1880 2014 2145 2227 1999 1997 1812 2020 2205 1856 2296 1744 1634 1755 1898 1750 2065 1748 2125 1886 1987 2190 1773 1825 2091 2155 1855 2035 1789 1758 2088 1959 1891 1934 1789 2031 1919 2216 2133 1991 2012 1993 1744 1852 1648 1787 2175 2072 1983 2009 1911 1918 1643 2125 1961 2197 1996
2047 1868 2078 2279 1987 1902 2122 2398 2031 2172 2014 1945 2054 1842 2077 1901 2345 2133 1687 2088 2158 1859 2092 1920 2125 2048 1943 2258 2250 1993 1879 1936 2018 1741 2272 1923 2215 2313 1870 1920 1908 2465 1946 2109 2023 2241 2307 2071 2164 2303 2140 2359 2127 2233 2021 1971 2106 2117 1785 2013 2205 2145 2011 2300 2269 1712 1899 1965 2169 1976 1994 1714 2106 2195 2125 1979 2142 1955 2153 2026 2246 2322 2220 2212 2196 2018 1931 1725 1740 2227 2058 2044 2038 2072 2181 1803 2149 1947 2136 2026
2126 1777 1894 2200 1869 1854 1886 2033 1957 2114 1869 2010 1947 1805 1880 1902 2111 1959 1836 1997 2038 1827 1881 1887 2056 1917 1772 2001 2171 2054 1895 1863 1802 1650 2023 1856 2165 1975 1921 1946 1803 2298 1940 1932 2055 2315 2177 2012 2052 2182 2077 2257 1929 2322 1923 1843 2007 1942 1636 1926 1993 1989 2129 2079 2161 1744 1754 2005 2202 1913 1858 1800 1908 2031 1872 1965 1935 1814 2110 1961 2052 2207 1983 2055 1886 1804 1951 1658 1609 2238 2048 2056 1959 1933 1919 1920 2224 1929 2223 2085
1905 1565 2087 2247 1890 1885 1972 2051 2155 2084 1872 2076 1761 1837 1904 1697 2048 2133 1852 1834 2040 1761 1719 1899 1853 2026 1752 2088 2009 1856 1830 1824 1861 1700 2008 1965 2092 2113 1823 2015 1772 2306 1850 1864 2094 2167 2109 1838 2000 2055 1971 2403 1944 2080 1822 1829 1859 1974 1655 1892 1992 1994 2041 2127 2016 1757 1765 2041 2066 1877 1792 1687 1963 1997 1923 1920 2027 1841 2219 1772 2075 2057 2092 2032 2020 1804 1891 1640 1628 2166 1927 1939 1978 1899 1825 1741 2233 1865 2190 1882
2316 1957 2132 2492 2116 1929 2066 2306 2165 2200 1880 2114 1969 1924 2047 2012 2314 2041 1980 2078 2176 1888 1976 1959 2115 1833 1947 2266 2226 2007 1921 2010 1783 1956 2236 2074 2181 2196 2018 1991 1837 2377 1952 2080 1921 2280 2051 2010 2038 2146 2199 2189 2027 2221 1914 1865 2131 2206 1764 1946 1962 2191 2287 2136 2204 2019 1812 1992 2059 1935 1818 1778 1971 2134 2236 2202 2190 1768 2343 1984 2225 2216 2097 2234 2131 2036 1948 1867 1832 2414 2317 2217 1973 1908 2059 1758 2452 2127 2195 2054
2229 1903 2141 2214 1937 1934 2088 2299 2260 2290 2034 2289 2074 1833 2042 1938 2312 1993 1723 2004 2079 1903 2064 1821 2034 1954 1937 2209 1961 1968 1768 1953 1891 1761 2247 2019 2191 2081 2045 2194 1995 2298 1953 1937 2092 2274 2288 2012 2148 2229 2186 2373 1937 2331 1975 1932 2006 2113 1717 2182 2059 2206 2287 2046 2304 1891 1945 2058 2068 1923 1997 1724 1958 2158 2165 1947 2199 2015 2146 1942 2196 2133 2140 2111 2088 1950 1963 1934 1748 2318 2290 2026 2065 1873 1924 1768 2205 2197 2178 2125
2169 1700 2201 2221 1759 1945 2033 2206 2021 2161 1737 2085 2120 1810 1833 1772 2104 2070 1798 1886 2066 1792 1775 1792 1863 1803 1912 2085 2154 1817 1730 1710 1911 1670 2103 1949 2135 2139 1868 1999 1920 2307 2046 1959 2114 1995 2098 1903 1874 2113 2068 2362 1759 2175 1877 1870 2027 2157 1691 2150 1908 1909 1974 2155 2048 1722 1881 2161 2143 2011 1949 1846 1914 2055 1949 1802 1946 1959 2188 1760 2227 2076 2165 1933 2105 1893 1994 1689 1651 2333 2087 1880 1907 1773 1980 1661 2280 1981 2037 1886
2375 2014 2279 2489 2169 2094 2174 2300 2399 2227 1892 2347 2218 2002 2120 2093 2400 2192 1937 2055 2347 2001 2145 2069 2142 2026 2215 2270 2326 2114 2131 2064 2067 1907 2384 2245 2398 2360 2171 2242 2074 2605 2193 2082 2311 2463 2422 2144 2252 2559 2406 2546 1941 2482 2145 2094 2215 2310 1945 2264 2152 2438 2295 2309 2299 2024 2051 2212 2440 2082 2192 2082 2113 2283 2127 2060 2170 2049 2243 2088 2373 2283 2258 2221 2264 2006 2031 2039 1912 2585 2355 2125 2211 2163 2088 1909 2562 2231 2317 2232
2266 1922 2012 2311 1930 2038 2035 2238 2055 2200 1881 2211 2138 1979 1913 1749 2088 2105 1820 1931 2093 1979 1844 1707 2176 2034 1862 2235 2122 2094 1876 1937 1885 1934 2156 1945 2126 2110 2137 2060 1947 2436 2077 2032 2149 2150 2328 2056 2007 2174 2123 2364 1902 2248 1778 1943 2080 2031 1817 2124 1866 2248 2272 2018 2235 1983 1954 1979 2215 2030 2066 1667 2022 2172 2075 1914 2172 1849 2135 2020 2110 2344 2262 2136 2048 2032 1979 1804 1770 2232 2239 2062 2070 2047 1959 1851 2105 1986 2219 2093
2014 1881 1937 2032 2028 1781 1919 1981 1861 2108 1604 2011 1977 1794 1883 1794 2166 1902 1708 1984 1985 1717 1738 1792 1877 1801 1823 2016 2057 1966 1751 1779 1848 1543 2007 1878 1953 1775 1779 1977 1567 2247 1897 1758 1875 2140 2104 1987 1701 1988 1996 2212 1790 2108 1838 1729 1954 2050 1653 1929 1856 2188 1981 2027 2034 1709 1619 1906 2159 1919 1876 1729 1731 1922 1894 1813 1838 1708 2087 1838 2200 2183 2066 1996 1890 1771 1840 1768 1712 2262 1968 2068 1912 1741 1874 1757 1990 1927 2050 1939
1915 1757 1737 2148 1808 1761 2027 1870 1872 2002 1670 1916 1770 1612 1890 1707 1982 1848 1608 1935 1805 1624 1662 1713 1804 1818 1690 1905 1826 1797 1763 1639 1733 1787 1878 1609 1923 1942 1686 1817 1733 2118 1686 1735 1739 2065 2156 1833 1867 1959 1918 2168 1613 1925 1689 1688 2015 2028 1635 1828 1742 1956 1825 1842 1968 1675 1622 1867 1812 1836 1810 1598 1769 1905 1745 1862 1831 1661 1980 1867 1922 2024 1919 1823 1949 1708 1836 1646 1648 1911 1895 1997 1722 1821 1797 1631 2027 1843 1907 1774
2086 1823 2045 1993 1732 1834 2002 2084 2096 2123 1838 2097 1772 1758 1920 1752 1980 1792 1767 1877 1883 1627 1809 1757 1921 1766 1946 2015 1946 1963 1666 1790 1868 1784 2070 1891 2099 2022 1886 1873 1823 2276 1896 1811 1964 2098 1918 1870 1846 2172 1965 2349 1764 2207 1679 1832 1828 1988 1714 1904 1942 1997 1978 2063 1917 1802 1773 2116 1991 1892 1931 1644 1809 2050 1998 1884 1892 1759 2153 1791 2192 2032 2078 2071 2086 1758 1845 1619 1697 2194 2171 2121 1812 1901 1695 1608 2140 1834 2082 1930
1958 1654 1933 2090 1714 1822 1825 1891 2094 1962 1790 1859 1675 1798 1722 1692 1970 1838 1743 1852 1851 1602 1892 1817 1847 1734 1758 2038 1939 1821 1778 1575 1637 1669 1950 1907 2083 2089 1925 1867 1748 2159 1713 1753 1749 2077 1913 1770 1765 1847 1958 2083 1927 1975 1673 1826 1785 1925 1467 1958 1827 1906 2197 1916 2085 1688 1659 1845 1965 1784 1854 1677 1681 1984 1921 1788 1898 1747 1981 1694 2255 1857 2034 2042 2030 1729 1937 1564 1584 2201 2093 1989 1814 1791 1760 1667 2146 1920 1983 1899
2262 1956 2129 2262 2088 2046 2059 2317 2121 2180 1752 2082 2150 1942 1933 1995 2195 2077 1796 2135 2192 1979 1927 1992 2029 1914 2047 2069 2298 1921 1911 1861 1870 1736 2391 2078 2217 2122 1893 2040 1812 2425 1974 2007 1970 2314 2380 2114 2138 2208 2198 2384 1938 2148 1941 1846 2104 2177 1742 2016 2167 2273 2079 2150 2240 1822 1887 2163 2228 1900 2011 1881 1908 2192 2080 2078 2086 1991 2088 1904 2276 2096 2186 2136 2124 1909 1810 1745 1932 2221 2234 2083 2031 1916 2025 1850 2381 2049 2223 2051
2121 1801 2133 2254 1972 2093 2030 2240 2073 2205 1910 2091 1955 1856 2008 1852 2185 2038 1810 2064 2013 1659 1959 2040 1996 1976 1906 2168 2095 1901 2055 1985 1945 1841 2142 1970 2280 2154 2000 2011 1916 2357 2016 1935 2009 2226 2256 1895 2111 2104 2161 2310 1899 2268 1926 1890 2263 2134 1755 1968 2107 2093 2147 2047 2297 1958 1809 1982 2020 1905 1939 1897 1960 2143 2164 2106 2209 1886 2072 1928 2337 2139 2126 2301 2319 1948 1989 1713 1686 2188 2192 2198 2091 1971 2084 1699 2307 2091 2142 2114
1876 1672 1892 1924 1784 1614 1908 1997 1712 1842 1516 1899 1747 1744 1670 1622 1940 1800 1632 1828 1875 1658 1678 1699 1781 1697 1699 1920 1915 1848 1638 1727 1619 1544 1942 1815 1989 1953 1845 1819 1755 2215 1837 1860 1854 1886 1957 1942 1756 1815 1869 2014 1783 2057 1662 1571 1820 1834 1512 1726 1783 1782 1964 2008 1907 1586 1594 1818 2110 1707 1714 1653 1545 1833 1818 1752 1736 1698 1972 1677 1992 1846 1776 1943 1718 1808 1671 1572 1583 2145 1911 1967 1793 1730 1701 1478 2042 1867 1969 1714
2249 1954 2219 2482 2142 2063 2206 2360 2225 2221 1964 2154 2068 2010 2060 2061 2336 2291 1940 2077 2269 1958 1996 2101 2236 1986 2102 2358 2341 2115 2020 1797 2001 1963 2371 2109 2344 2280 2046 2017 2060 2476 2058 2258 2099 2261 2366 2193 2120 2302 2306 2462 2060 2233 1999 2078 2140 2255 1790 2176 2061 2069 2281 2167 2336 1905 1860 2116 2286 2141 2077 2036 1928 2259 2214 2187 2282 1968 2241 2071 2459 2152 2243 2229 2285 2051 1962 1863 1931 2393 2332 2274 2000 2086 2016 1848 2502 2029 2374 2017
2029 1725 2185 2129 1805 1934 1870 2160 2143 2170 1913 2093 1993 1806 1979 1862 2013 2060 1836 1840 2166 1890 1849 1833 2031 1992 1956 2028 1903 1848 1859 1843 1827 1701 2140 1885 2044 2173 1982 1914 1988 2453 2056 1872 2164 2154 2153 1982 1964 2055 2092 2385 1855 2219 1953 1724 2029 1959 1784 2092 1999 2037 2119 2088 2279 1729 1811 2004 2135 1851 1832 1710 1922 2283 2136 1688 1886 1827 2171 1802 2120 2079 2051 2103 2062 1908 1991 1724 1761 2201 2163 1995 2013 2072 1875 1657 2240 1954 2160 2012
2155 1912 2281 2273 2059 1942 2149 2296 2101 2362 1860 2202 1987 1960 2060 1765 2320 2020 1699 1987 2061 1836 2032 1885 1989 2055 2099 2087 2068 2027 1833 2001 1815 1887 2207 2065 2246 2277 1936 1988 2020 2450 2158 2055 2081 2280 2202 2043 2109 2230 2128 2379 1846 2199 1943 1934 2139 2246 1805 2074 2074 2189 2203 2222 2265 1999 1949 2055 2138 2001 1954 1748 1891 2108 2099 2108 2101 1892 2234 2022 2297 2202 2156 2279 2292 1959 2049 1812 1649 2397 2258 2183 2086 1868 1995 1812 2409 2075 2134 1996
2130 1773 2095 2037 1764 1952 2068 2215 1986 2172 1949 2046 1927 1816 2111 1732 2171 1922 1900 2081 2030 1848 2082 1757 2009 1974 1809 2157 2038 1941 1831 1880 1842 1744 2200 2073 2061 1987 1967 2139 1837 2350 1857 1795 1994 2150 2194 1950 1885 2050 1955 2277 2033 2112 1856 2057 1943 2064 1607 2055 1876 2038 2071 2233 2072 1731 1823 2058 2224 1859 1970 1881 1890 2096 2124 1931 2029 1944 2092 1849 2161 2070 2229 2103 2235 1877 1880 1493 1735 2282 2162 2199 1988 1872 1957 1872 2255 2090 2174 2026
2077 1986 1954 2178 1864 1890 2119 2121 2090 2116 1793 2071 1885 1768 1844 1797 2131 1797 1641 1918 1717 1655 1629 1775 1841 1810 1950 1905 1966 1833 1810 1750 1736 1640 2255 1714 2142 2060 1771 1740 1863 2281 1889 1879 1952 1999 2154 1955 2029 2106 2015 2247 1753 1995 1846 1765 2158 1983 1702 1882 1933 2005 1994 1935 2056 1756 1761 1877 1979 1891 1932 1650 1698 1930 1876 1844 2090 1843 2064 1742 2148 2077 1969 2066 1994 1933 1952 1700 1630 2016 1988 2099 1751 1976 1992 1717 2187 1837 1985 1957
2283 1916 2097 2438 1996 2174 2131 2298 2234 2291 2053 2266 2155 2145 2091 2084 2254 2068 1963 2083 2242 2124 1973 1977 2120 2136 1998 2188 2304 2161 2030 2070 1924 1846 2283 2235 2366 2274 2048 2246 1909 2632 2111 2107 2237 2387 2295 2117 2070 2213 2390 2672 2171 2432 2058 2060 2159 2278 1917 2179 2195 2218 2301 2324 2298 2025 2035 2127 2350 2149 2090 1869 2050 2358 2061 2196 2045 2055 2316 2053 2328 2354 2397 2188 2211 1975 2108 1884 1820 2439 2227 2129 2088 2093 2086 2013 2330 2085 2306 2137
2321 1769 2255 2348 1901 1981 1998 2320 2238 2274 1905 2260 2045 2043 2067 1883 2323 2066 1973 2068 2184 1777 1870 2014 2150 1921 2033 1967 2232 1883 1894 1946 1910 1910 2406 2078 2335 2040 2014 2122 1986 2459 2013 1917 2074 2279 2240 1939 2209 2221 2232 2408 1962 2230 1899 1967 2178 2014 1654 2109 2180 2109 2145 2115 2218 1892 1820 2200 2069 1955 2083 1966 2010 2152 2166 2204 2275 2057 2183 2055 2337 2178 2252 2194 2265 1905 2031 1773 1753 2280 2213 2136 2033 1961 2093 1813 2343 1929 2365 2011
2018 1766 2052 1868 1732 1859 1905 2049 2003 1857 1817 2117 1859 1726 1726 1829 2048 1786 1783 1726 1862 1557 1824 1710 1854 1656 1749 2012 2020 1681 1844 1566 1706 1603 1982 1718 1931 1966 1834 1986 1682 2099 1849 1729 1742 1923 2044 1854 1884 2052 1950 2215 1662 2019 1741 1860 1743 2024 1655 1824 1822 1966 1943 2000 1917 1633 1460 1772 2069 1817 1728 1497 1714 1914 2082 1868 1908 1749 1880 1773 1981 1918 1968 1901 1882 1763 1736 1630 1669 2032 1880 1964 1837 1704 1758 1501 2322 1910 2005 1924
1885 1609 1826 2137 1808 1815 1921 2058 2065 2027 1727 2040 1657 1730 1762 1873 1959 1893 1687 1788 1814 1549 1882 1908 1942 1891 1756 1778 1976 1752 1683 1627 1572 1640 1880 1831 2071 1976 1788 1875 1626 2126 1956 1727 1763 2026 2133 1932 1884 1968 1851 2127 1835 1911 1693 1821 2057 1939 1675 1834 1949 1949 1775 1923 1913 1774 1596 1779 1971 1946 1718 1632 1791 2066 1943 1839 1843 1914 1946 1718 2002 2142 1947 1886 2141 1881 1899 1480 1594 2007 1923 1872 1818 1916 1833 1745 2060 1669 2001 2028
1862 1517 1878 2010 1711 1659 2021 1971 1947 1892 1626 1843 1817 1723 1679 1663 1876 1893 1568 1868 1914 1633 1741 1642 1832 1778 1869 1817 1836 1747 1737 1669 1622 1514 1965 1744 1994 1940 1887 1805 1826 2051 1856 1718 1849 2069 2007 1931 1817 1996 1967 2145 1654 1967 1752 1661 1839 2042 1582 1862 1839 1884 1710 1746 1865 1721 1736 1828 1986 1812 1924 1663 1655 1951 1737 1743 1863 1659 1866 1846 2010 1917 1853 1795 1920 1694 1769 1507 1655 1999 1807 1682 1827 1691 1805 1575 2015 1755 2008 1960
2280 1779 2076 2322 1905 1859 2021 2218 2127 2068 1806 2251 1923 1849 1931 1745 2201 2086 1854 1998 2186 1964 1991 1970 2050 1826 2094 2129 2102 1990 1892 1910 1798 1989 2280 1948 2270 2166 1873 2088 2002 2556 2136 2067 2059 2110 2064 1905 1977 2240 2204 2313 1836 2217 1936 1902 2151 2174 1766 2066 1948 2159 2155 1967 2175 1934 1835 2116 2327 2016 2114 1916 2104 2217 2078 2126 1994 1816 2153 2109 2294 2022 2152 2213 2126 1944 1880 1680 1753 2349 2329 2080 2055 1983 2047 1819 2383 2018 2215 2061
2232 1803 2010 2303 1898 1956 1991 2237 2127 2277 1925 2093 1991 1884 2010 1968 2178 2029 1862 2070 2025 1862 1901 1970 2175 1918 1896 2081 2121 1927 1922 1868 1878 1772 1935 2000 2269 2043 1974 2076 1883 2286 1998 2032 2010 2339 2307 2062 2122 2049 2132 2297 1947 2380 1765 1813 2097 2108 1691 2068 1940 2052 1965 2032 2275 1841 1856 1958 1976 1958 1930 1887 1858 2294 2106 2049 1909 1860 2284 1928 2260 2233 2240 2005 2173 1906 2080 1900 1824 2304 2190 1983 2062 1962 1939 1678 2351 2011 2095 1962
1996 1759 1843 2128 1710 1859 1988 2043 1867 2229 1677 2115 1853 1613 1832 1751 1993 1857 1634 1851 1971 1740 1646 1866 2013 1769 1768 1943 2130 1931 1709 1844 1886 1724 1822 1919 2076 1958 1840 1891 1629 2284 1869 1791 1945 1947 1854 1805 1978 2082 2119 2188 1806 2234 1748 1665 1949 1961 1743 1966 1877 2191 1906 1966 2191 1937 1662 1989 2097 1875 1926 1628 1908 1995 1924 1813 1886 1801 2119 1844 2089 2038 1999 2025 2009 1836 1816 1919 1592 2048 2066 2003 1837 1709 1855 1586 2090 1883 2050 1798
2205 2036 2111 2404 2117 2014 2200 2234 2308 2258 1813 2215 1919 1803 2114 1912 2236 2319 1844 2144 2116 1775 1889 1945 1904 2014 2029 2201 2137 2093 1826 1815 1730 1822 2236 2142 2290 2251 1985 2026 1962 2566 2120 2034 2042 2153 2333 2011 1968 2306 2200 2509 1967 2145 1966 2056 2204 2103 1892 2116 2053 2086 2155 2243 2095 1899 1845 2149 2309 2081 2021 1828 1979 2109 2142 2089 2079 1957 2294 1969 2287 2164 2156 2170 2314 1959 2128 1731 1715 2463 2394 2128 2062 1968 1998 1942 2406 2082 2133 1969
2015 1658 1857 2070 1676 1868 1787 2007 2031 1959 1717 2021 1746 1872 1658 1756 2047 1897 1761 1942 1990 1765 1681 1647 1955 1736 1889 2006 2010 1874 1691 1775 1706 1728 1960 1904 2110 2009 1891 1954 1612 2167 1773 1733 1873 2046 1963 1881 1869 1926 2050 2177 1897 1991 1634 1636 2036 1859 1670 1886 1874 2024 2038 2025 2135 1806 1577 1967 2027 1834 1873 1602 1949 2023 1848 1930 1978 1690 1928 1765 2003 2101 2000 1952 1921 1642 1927 1595 1559 2150 1918 1966 1959 1889 1798 1637 2123 1719 1976 2041
1895 1608 1864 1954 1710 1877 1954 2184 1876 2103 1805 1945 1897 1596 1745 1765 1852 1880 1593 1906 1876 1712 1814 1742 1976 1897 1678 1907 2023 1805 1743 1681 1863 1707 1965 1776 2068 1998 1888 1828 1684 2139 1896 1742 1744 2049 2017 1800 1743 1813 1929 2183 1798 2066 1583 1644 1808 1928 1605 2060 1855 1875 1978 1886 1978 1735 1662 1858 2033 1741 1823 1605 1619 1998 2011 1808 1789 1774 1944 1948 2030 1869 1909 1965 2133 1807 1836 1563 1675 2037 1976 1825 1798 1714 1881 1586 2000 1915 1942 1863
2376 2052 2195 2485 2126 2077 2253 2510 2385 2342 2053 2387 2355 2156 2158 2105 2441 1994 2119 2398 2100 1970 2208 2140 2317 2193 2165 2340 2415 2329 2207 2118 2062 2079 2306 2057 2435 2409 2135 2204 2090 2680 2258 2208 2198 2575 2453 2170 2208 2359 2314 2561 2197 2527 2083 2059 2327 2435 2022 2292 2264 2253 2349 2299 2403 2047 2163 2294 2299 2334 2211 1925 2246 2432 2197 2266 2270 2097 2363 2165 2457 2613 2409 2375 2265 2120 2239 1951 1910 2616 2319 2336 2200 2187 2259 2147 2526 2207 2285 2316
1714 1437 1700 1885 1579 1416 1804 1844 1716 1747 1417 1731 1700 1575 1640 1407 1649 1616 1510 1732 1719 1542 1569 1511 1726 1636 1606 1706 1782 1716 1497 1653 1554 1479 1657 1751 1751 1792 1535 1590 1481 1962 1608 1445 1585 1945 1831 1503 1641 1770 1810 1960 1687 1894 1492 1347 1649 1639 1514 1626 1750 1831 1717 1866 1722 1679 1592 1656 1727 1613 1500 1427 1784 1569 1665 1658 1584 1649 1731 1634 1725 1798 1789 1759 1836 1679 1602 1442 1316 1919 1656 1604 1765 1658 1762 1483 1891 1677 1722 1762
2230 1998 2253 2469 2055 2046 2290 2365 2372 2301 2034 2247 2152 1972 2203 2017 2405 2097 1947 2098 2069 1824 2266 2058 2215 2123 2078 2177 2289 1946 2139 2070 2124 1940 2320 2194 2421 2334 2197 2272 1934 2538 2136 2090 2263 2494 2420 2142 2245 2345 2350 2542 2052 2383 2074 2057 2269 2287 1863 2123 2150 2302 2204 2408 2297 1974 2066 2233 2226 2083 2240 1907 2021 2340 2068 2157 2218 2140 2275 2095 2399 2429 2468 2348 2363 1965 2054 1822 1860 2442 2220 2373 2075 2169 2155 1838 2422 2204 2254 2259
2122 1731 1939 2273 1880 1962 1946 2116 2222 2070 1971 2035 1891 1970 1913 1848 1991 2003 1961 1934 2137 1931 1888 1854 2016 1978 1966 2151 2086 2045 1954 1933 1809 1759 2173 1854 2213 2173 2116 2045 1923 2371 1915 1966 2051 2296 2182 2064 2004 2020 2119 2276 2053 2136 1712 1840 2022 2045 1680 2091 1896 1996 2088 1933 2287 1776 1782 1902 2119 1837 2091 1841 1878 2197 2034 1933 2042 1844 2099 1925 2266 2094 2115 2187 2173 1811 1933 1674 1682 2219 2178 2173 2092 1997 1944 1696 2178 1904 2136 2038
2427 1859 2363 2312 2050 2117 2324 2326 2381 2273 2041 2220 2159 2082 1898 1907 2368 2317 1791 2082 2076 1863 2231 2113 2084 2066 2041 2256 2278 2166 2108 1933 1885 1853 2314 2141 2218 2240 2134 1999 2016 2487 2037 2013 2016 2414 2490 2056 2241 2107 2333 2524 2076 2200 1968 1925 2141 2148 1855 2122 2107 2157 2177 2251 2460 2063 1939 2159 2332 2045 2024 1769 1930 2140 2092 2105 2211 2111 2243 2050 2332 2385 2274 2214 2264 2074 2080 1698 1980 2319 2117 2199 2240 2030 2222 1795 2495 2083 2347 2206
2224 1995 2154 2512 1856 2159 2010 2319 2253 2303 2012